std_elev =  5.8632
std_lat =  0.0015637
std_long =  0.0016972



